
Test 1 passed with  moves and numbers : 30 -24 -11 23 -12 26 -39 35 24 44 -32 29 -48 33 -3 -15 11 -22 -9 18 8 28 16 40 -13 45 -41 36 -16 -45 32 -20 -28 -6 37 -38 -42 -37 10 48 1 31 -29 -21 -7 -36 -14 21 -43 3 42 41 49 -34 -5 -23 -47 -35 22 -25 -33 -4 -10 19 4 43 -46 6 0 -1 46 -18 -2 12 17 -17 50 20 47 -40 -27 -8 9 27 -44 14 2 -49 -19 39 25 38 7 -50 -30 13 5 34 15 -26 -31
Test 2 passed with  moves and numbers : 42 39 -16 -15 24 34 -47 -38 0 18 2 -34 -40 22 9 29 -8 48 -7 -17 -21 11 -3 -41 -45 -12 41 43 6 -19 -14 -4 49 -36 -39 -35 45 -10 -48 -29 -44 -6 21 -49 26 8 46 14 44 -23 16 36 3 -11 13 50 -43 -28 30 -37 31 37 -32 -5 1 -50 -1 23 32 7 12 5 -20 40 -27 27 25 38 -46 4 -13 -2 33 -30 -24 -22 19 -9 17 20 -33 -31 -18 47 -26 35 -42 15 10 -25 28
Test 3 passed with  moves and numbers : 46 3 -21 -18 -47 29 8 50 22 34 44 -25 -32 -16 -17 45 49 -31 20 -1 -34 -6 -44 10 -30 15 -26 19 -40 25 6 21 0 14 16 -5 -24 -28 40 32 39 -10 -43 -42 27 -8 -48 28 -29 37 -7 -41 -9 47 -36 4 2 -33 23 7 11 -14 1 43 -35 18 -13 -19 24 13 33 38 -12 -4 -3 -50 9 31 5 -37 12 26 42 30 -38 35 -15 41 -22 -11 36 48 -39 -27 -45 17 -2 -46 -49 -23 -20
Test 4 passed with  moves and numbers : -1 -32 -16 22 41 -27 3 40 23 -42 14 -9 18 45 -31 -22 47 42 20 43 -40 -8 16 -15 -48 27 15 -47 -21 1 -24 28 -6 7 -11 -19 -26 12 -2 11 17 -3 49 31 19 -14 -13 25 -25 44 6 37 -17 39 -12 -33 -28 32 -10 -29 9 -43 38 -38 21 -18 24 35 10 -50 48 -45 -20 -35 30 46 5 -5 26 -46 -4 36 -49 -23 -39 33 -36 -7 0 -34 13 50 34 4 -30 29 8 -37 -41 2 -44
Test 5 passed with  moves and numbers : -38 21 -8 -25 7 -49 -21 10 -12 -7 14 4 44 26 -3 -39 -33 -26 -50 -1 -35 -18 -17 -28 -34 5 30 -44 24 -9 -31 43 -11 37 19 0 47 -45 2 35 -42 -46 42 41 15 40 31 34 -4 -10 38 22 32 3 -47 -14 28 -43 12 6 -30 27 36 -29 1 29 -41 -40 9 39 -6 -16 -36 50 17 -23 20 11 -37 -13 -19 -27 -20 45 8 23 33 -24 18 48 -15 16 49 46 13 -22 -48 -5 -32 25 -2
Test 6 passed with  moves and numbers : 48 -49 -38 49 -10 -43 2 -32 -24 10 -36 -1 -34 36 19 33 -20 46 -16 12 -47 -50 38 3 39 50 -5 -31 30 -23 18 -2 -29 -13 14 -4 4 -3 42 -7 -40 -18 -11 -44 -39 20 -33 15 -35 24 -6 -19 -30 -28 -25 44 43 -17 -27 -21 29 -12 23 -22 31 28 6 37 21 27 22 -45 32 -37 -26 -42 -9 47 26 -15 -14 41 17 9 -48 16 5 34 11 -8 0 8 -41 25 1 35 45 7 40 13 -46
Test 7 passed with  moves and numbers : 39 1 -41 23 47 12 43 30 -11 19 10 0 -23 -4 -2 33 -46 -42 46 -10 48 37 16 32 -49 -48 7 -6 50 -9 -28 3 38 -26 26 -17 -16 -18 -39 24 -12 14 31 -30 -32 -50 -29 4 -20 29 -35 -40 -37 2 -15 35 -24 9 13 -31 42 36 -36 -45 40 6 5 -19 45 -13 25 -34 -7 -1 -25 -43 -27 41 15 -14 20 -22 -8 -47 21 -21 44 28 8 11 34 -5 49 -3 -44 18 -38 17 27 -33 22
Test 8 passed with  moves and numbers : 40 -11 17 3 38 1 39 12 -18 -14 37 32 15 46 -5 -43 -40 49 10 2 -44 -41 -9 -50 -25 22 11 -42 -47 -21 30 -4 -28 27 19 -49 0 -38 -45 6 25 -13 16 36 14 4 48 -23 -27 41 -20 -22 -8 8 13 -37 -1 31 28 -15 33 -19 -10 47 -31 9 35 23 5 -6 -34 7 -39 26 21 -29 50 24 20 43 -36 -24 29 18 45 -33 42 -32 -2 -35 -48 -26 34 -46 -17 -12 -7 44 -30 -16 -3
Test 9 passed with  moves and numbers : -22 38 30 39 15 16 37 -36 29 -16 9 -23 -10 -8 23 -48 33 -18 -3 -17 -40 -39 42 -24 21 -14 -25 40 50 11 -43 43 -26 -4 35 -38 13 -47 22 10 -2 47 7 -30 -46 -45 46 5 3 -5 -49 41 12 -12 -44 -35 -19 -20 8 18 0 34 -29 25 17 -32 -9 24 4 -31 2 27 -13 -34 48 45 49 -37 19 -27 -42 -41 44 -1 36 28 1 -15 20 32 -11 31 -28 -7 14 -6 -21 -33 6 -50 26
Test 10 passed with  moves and numbers : 44 -20 23 17 -4 -48 43 -17 16 7 6 46 48 39 24 -44 -10 30 -41 -42 -1 -24 26 -37 -35 45 12 -6 41 40 -3 -38 -5 13 -34 -21 -26 -2 -47 14 -19 9 36 0 42 -15 31 37 -7 32 -11 -8 -23 11 34 8 -33 49 -27 -49 -18 3 -46 -12 -50 -36 33 -30 -16 47 -31 2 -28 20 1 4 38 35 -25 -14 10 5 -39 27 19 22 -29 28 -43 25 -13 21 29 15 -40 -9 50 18 -22 -32 -45
Test 11 passed with  moves and numbers : 36 -44 13 -28 -49 -16 26 8 35 -48 30 15 40 42 1 -27 -30 -45 31 3 46 -19 32 -12 -39 4 9 -25 -40 -37 -20 -47 -23 17 33 -29 24 45 0 11 12 7 -33 22 19 -24 -22 41 -5 5 -42 -43 -46 29 -13 18 -26 -35 -8 -11 34 -14 -3 14 -31 -10 -6 -38 -9 -17 -50 -32 21 50 -41 6 43 16 39 44 -2 -1 27 -36 2 23 38 -15 49 -34 -7 -18 10 -4 20 25 28 37 48 -21 47
Test 12 passed with  moves and numbers : -50 -32 5 -25 -36 25 13 40 -29 4 49 -15 18 -20 -16 29 -44 -43 -1 -7 -21 -49 15 34 19 -6 27 -17 10 -46 -45 -12 38 9 -27 -48 -28 24 -11 -23 -22 45 3 -42 48 -35 20 0 -33 -2 35 26 -39 32 -19 41 -10 -18 12 -24 16 21 -47 -4 -30 1 7 50 31 37 -26 -37 44 46 6 -5 -9 33 42 22 -41 -3 36 -8 17 14 39 -38 28 -40 11 30 47 -31 -13 -34 43 8 2 23 -14
Test 13 passed with  moves and numbers : 37 34 -35 -23 17 12 42 3 45 -17 -12 18 23 16 -27 -4 -3 -2 -20 25 -47 -24 -9 -8 30 -39 -22 33 -13 15 31 -34 -14 10 49 14 -19 44 28 29 -46 50 -33 -29 2 -1 27 9 -10 -11 -16 -25 47 36 32 4 -38 8 -26 21 -32 -15 -37 26 -48 43 35 6 0 -28 1 -6 -44 -7 7 -5 -21 13 20 19 38 41 48 5 -18 -40 -49 -42 -45 -43 -41 -30 -31 -36 22 24 -50 46 11 39 40
Test 14 passed with  moves and numbers : 49 18 -37 36 -34 -6 9 50 -44 25 -18 12 -5 45 31 26 17 -50 -42 -9 -14 43 -49 -19 13 22 21 47 6 38 3 15 46 27 11 -40 5 7 -38 44 -25 -22 -13 -17 -26 37 -35 23 29 -33 14 0 -45 -39 -36 -30 -23 -16 -47 1 8 -41 42 30 -10 -20 -43 24 4 39 -48 32 -3 -24 28 -32 19 -7 40 10 -8 33 -31 2 48 -1 -21 -15 -2 35 -27 -11 20 -12 -29 -4 16 34 -46 41 -28
Test 15 passed with  moves and numbers : -44 -37 38 -42 -34 -21 16 -32 34 0 -40 -36 -3 8 50 43 29 -50 -47 15 37 -49 -16 -14 -25 -9 -11 -4 36 -38 23 18 -13 40 22 -6 17 46 -15 32 -20 -31 25 5 49 -28 19 2 -8 6 3 -18 4 -2 41 -12 -26 -23 35 -30 28 -17 -29 -7 -27 30 47 -1 42 -41 26 21 1 -45 -39 -43 48 -35 -24 14 -33 33 11 31 12 45 24 9 10 27 -46 -19 7 44 39 20 -22 -48 -5 -10 13
Test 16 passed with  moves and numbers : 12 -32 -43 17 -1 6 -44 21 27 -48 -47 -23 24 -16 32 4 -8 28 -34 2 -17 37 -11 45 -49 -3 13 -36 5 -25 9 29 47 -45 35 38 -13 10 -39 -9 22 31 -12 -6 26 -15 -27 -31 -33 -14 20 40 -20 -50 -7 48 30 16 44 -22 46 3 15 19 -30 7 25 -37 1 41 -38 23 14 34 36 -18 0 -4 -41 42 8 -21 -29 50 11 39 -42 43 -5 -19 -28 -2 -40 -46 49 -26 -35 -24 33 -10 18
